--------------------------------------------------
Starting 10 parallel QAOA optimization runs with p=100...
Using AerSimulator from qiskit_aer
Run 2: Starting optimization from initial point: [4.994 3.158 3.625 3.095 1.227 4.539 1.764 0.153 4.056 1.113 5.909 5.994
 5.748 2.326 0.097 5.833 2.69  6.074 6.055 5.36  1.85  2.42  5.348 1.991
 1.065 3.498 5.882 4.373 3.582 0.611 3.864 6.221 0.88  3.257 5.513 4.654
 4.379 4.414 2.259 1.845 5.085 5.09  5.448 5.738 3.213 3.151 5.016 4.084
 4.411 5.    5.592 2.124 2.36  0.591 3.633 0.226 2.925 3.41  1.8   3.712
 0.192 0.235 5.169 2.263 0.798 3.281 4.838 1.356 3.914 0.536 0.325 3.339
 3.397 4.005 4.562 6.131 3.244 2.029 4.996 1.702 2.758 0.493 0.159 6.048
 5.253 4.373 2.57  1.089 0.983 1.572 3.451 4.49  4.148 1.759 6.    4.636
 3.483 3.844 2.636 1.557 1.118 2.381 0.045 0.365 0.145 0.128 2.688 2.211
 1.49  0.307 1.544 1.487 0.544 1.363 1.252 1.935 1.995 0.142 1.177 1.966
 1.581 2.691 2.069 0.512 0.222 2.018 0.083 1.84  2.954 1.808 1.219 2.021
 1.44  1.714 2.958 1.213 3.02  2.844 0.615 0.218 0.317 0.057 0.297 2.146
 0.224 1.002 2.654 0.073 2.559 0.885 0.371 2.189 1.976 2.757 2.309 2.524
 0.886 0.557 2.358 2.535 3.112 1.296 1.169 2.439 1.071 2.924 2.697 1.348
 2.359 2.37  0.324 2.835 1.587 2.596 1.005 2.813 1.223 0.034 2.844 0.287
 1.003 2.985 2.986 1.802 1.985 1.409 0.921 1.033 2.113 2.364 2.487 2.481
 0.287 1.553 0.181 1.726 1.387 2.789 1.102 0.368]
Run 2: Keys in po_problem_arg: dict_keys(['N', 'K', 'q', 'J', 'h', 'means', 'cov', 'q_orig', 'scale'])
Run 2: DEBUG - COBYLA optimizer options set to: {'maxiter': 2000, 'disp': False}
Using AerSimulator from qiskit_aer
Run 5: Starting optimization from initial point: [1.411 2.843 0.885 1.108 3.131 2.632 5.748 2.277 3.648 3.973 0.082 4.169
 1.119 6.039 0.934 2.605 0.536 6.264 3.155 3.741 0.421 4.712 1.319 5.643
 1.289 1.198 0.23  2.966 3.549 0.413 4.873 2.848 3.295 2.769 2.518 3.516
 0.975 1.143 5.415 5.945 2.346 1.701 4.046 2.568 0.16  0.981 4.499 4.14
 0.17  1.395 1.452 4.222 0.124 0.654 5.026 1.122 4.101 1.497 0.625 1.528
 4.538 5.376 5.216 2.496 4.198 1.288 1.842 5.632 0.082 0.537 1.306 0.167
 1.14  3.663 2.648 5.609 5.136 2.148 1.63  2.386 3.709 1.684 3.922 2.572
 3.469 2.74  1.85  5.959 4.798 0.88  5.457 3.063 5.621 5.026 2.672 0.141
 1.688 3.403 3.98  1.62  0.438 2.623 3.093 1.652 0.539 0.855 0.058 2.872
 0.37  1.811 0.861 1.741 2.046 2.607 0.648 0.035 0.43  2.827 2.745 1.877
 1.887 2.089 0.551 2.873 1.316 1.204 1.63  0.148 0.522 2.319 0.26  1.895
 0.771 1.223 0.907 1.117 2.259 0.933 1.779 1.496 2.085 2.943 2.301 0.675
 0.098 0.824 1.869 0.162 1.559 1.875 1.05  2.422 0.335 0.236 2.288 1.557
 2.163 1.366 0.774 2.573 2.511 2.182 0.855 1.854 1.134 0.288 2.882 0.43
 2.985 1.401 0.582 1.702 2.742 2.3   2.534 2.07  2.175 2.668 0.784 1.538
 0.695 3.103 2.966 0.124 2.217 2.907 0.567 1.784 2.876 0.107 2.191 0.934
 2.904 3.051 2.967 1.49  2.708 2.653 1.002 2.604]
Run 5: Keys in po_problem_arg: dict_keys(['N', 'K', 'q', 'J', 'h', 'means', 'cov', 'q_orig', 'scale'])
Run 5: DEBUG - COBYLA optimizer options set to: {'maxiter': 2000, 'disp': False}
Using AerSimulator from qiskit_aer
Run 8: Starting optimization from initial point: [2.857 3.24  3.072 4.19  0.877 0.188 1.935 4.428 1.268 4.231 6.094 0.59
 4.226 2.788 5.455 1.113 4.352 5.266 5.935 4.293 3.124 3.882 5.459 3.585
 0.191 5.849 4.332 4.251 1.355 4.14  2.475 4.092 0.67  4.133 6.28  0.303
 6.14  2.557 5.471 4.916 3.563 4.64  5.52  2.539 2.055 4.195 5.076 4.79
 5.013 2.737 5.139 0.755 3.421 0.036 2.039 2.303 2.489 4.37  2.441 2.819
 1.493 2.345 1.428 0.46  3.792 4.199 3.892 2.912 2.386 5.424 3.261 3.011
 0.161 2.144 2.389 2.506 3.645 3.353 3.82  4.806 5.108 4.512 6.004 0.115
 1.23  0.048 4.068 5.642 1.53  5.825 0.379 5.871 2.209 0.637 3.053 1.613
 1.79  1.931 5.046 3.388 0.978 1.917 2.25  0.856 1.299 0.383 0.569 2.14
 0.57  1.65  2.228 0.336 1.782 0.806 3.025 1.519 2.532 1.729 0.136 1.989
 2.989 1.89  2.574 2.778 0.717 0.666 1.919 1.291 2.639 2.828 1.11  0.744
 2.452 0.863 2.584 1.331 2.097 0.3   1.96  1.419 1.843 0.528 2.315 2.711
 0.681 0.301 0.074 2.017 1.907 1.718 0.729 1.228 1.868 1.561 3.103 0.429
 2.184 1.27  1.345 2.254 2.175 3.114 0.403 0.327 2.276 1.817 0.861 0.25
 0.269 2.809 0.603 1.016 0.712 1.115 0.218 1.631 0.212 2.514 0.734 1.696
 2.765 2.045 1.674 1.019 1.046 2.103 3.123 2.079 1.752 2.295 1.461 0.189
 1.767 3.008 0.551 2.168 0.631 1.683 0.304 1.415]
Run 8: Keys in po_problem_arg: dict_keys(['N', 'K', 'q', 'J', 'h', 'means', 'cov', 'q_orig', 'scale'])
Run 8: DEBUG - COBYLA optimizer options set to: {'maxiter': 2000, 'disp': False}
Using AerSimulator from qiskit_aer
Run 7: Starting optimization from initial point: [5.618 1.445 1.339 0.196 4.095 2.316 5.431 2.973 6.083 1.166 5.458 4.88
 4.844 5.308 4.782 3.935 0.825 0.204 5.786 3.875 5.005 3.025 0.737 0.787
 4.308 2.704 1.26  3.089 0.403 3.657 1.69  5.011 1.95  2.86  0.073 0.455
 2.466 3.016 3.77  1.833 4.367 5.404 4.9   0.249 3.019 0.659 1.521 6.199
 0.895 3.135 3.884 4.414 3.516 0.061 2.051 3.253 0.552 2.203 0.209 0.494
 2.494 0.834 3.566 4.332 5.03  1.258 1.052 0.657 3.999 4.439 0.198 5.882
 0.327 3.401 4.455 5.472 4.487 5.037 2.133 5.12  0.503 5.622 3.441 5.135
 2.842 4.044 3.307 4.597 0.513 0.379 1.553 1.002 5.478 1.377 6.132 2.117
 1.144 4.962 4.139 3.13  1.745 2.259 0.718 3.13  3.062 2.043 0.627 2.137
 0.227 0.096 0.81  1.453 2.728 2.284 2.333 1.337 1.087 1.166 3.103 0.126
 2.724 1.818 1.378 2.278 1.529 2.744 2.83  1.325 0.87  1.861 2.866 0.662
 1.957 1.984 2.303 0.413 2.249 2.856 0.564 0.746 3.052 0.569 2.684 1.547
 0.777 2.736 1.399 1.617 1.129 1.863 0.514 1.229 3.045 0.811 2.063 1.022
 2.43  0.411 3.047 1.426 0.742 0.231 0.533 1.633 1.059 2.604 1.354 0.781
 1.939 2.22  0.525 0.527 0.115 2.313 2.085 1.491 2.652 2.531 1.839 2.728
 0.647 0.352 0.847 0.179 1.669 2.942 0.124 0.384 1.421 2.934 0.993 1.594
 0.131 0.466 3.1   3.032 0.016 2.99  2.008 2.727]
Run 7: Keys in po_problem_arg: dict_keys(['N', 'K', 'q', 'J', 'h', 'means', 'cov', 'q_orig', 'scale'])
Run 7: DEBUG - COBYLA optimizer options set to: {'maxiter': 2000, 'disp': False}
Using AerSimulator from qiskit_aer
Run 6: Starting optimization from initial point: [0.233 3.746 1.445 0.758 0.484 4.375 2.135 4.554 0.411 1.981 3.39  4.968
 2.003 3.933 5.567 3.87  1.464 0.153 5.467 0.134 5.496 3.323 5.9   5.019
 6.27  2.204 4.82  2.525 3.015 3.943 5.489 6.183 4.827 2.625 2.647 4.634
 1.5   0.694 2.228 1.805 1.862 1.468 0.264 0.112 6.206 2.688 2.415 4.27
 1.371 5.969 4.941 0.562 2.624 5.524 5.936 2.937 3.854 1.05  6.228 1.456
 5.923 4.082 3.819 3.221 1.449 1.109 1.385 1.171 4.898 2.2   0.363 6.089
 5.553 5.829 6.251 1.093 2.49  4.764 4.373 0.967 5.126 1.41  1.406 3.374
 3.726 3.645 0.575 5.513 1.669 0.814 5.584 6.005 5.417 5.086 4.117 3.461
 0.547 2.566 2.342 1.632 2.273 1.558 0.255 0.692 2.147 0.239 2.674 1.556
 1.51  1.861 2.591 1.093 2.13  1.777 0.839 2.76  2.505 2.069 2.672 2.725
 2.225 2.63  2.191 2.137 1.943 2.365 0.498 2.767 2.739 0.092 2.594 0.405
 1.053 2.336 0.505 2.57  2.614 1.594 0.02  0.902 1.938 3.082 1.985 0.816
 1.992 1.696 2.45  0.336 2.391 1.7   3.025 1.074 1.987 2.928 0.322 2.944
 2.161 0.213 0.946 2.225 0.212 1.829 1.087 1.951 0.144 2.738 3.058 3.044
 2.355 0.409 2.382 0.077 0.07  1.017 1.535 2.42  2.147 1.401 0.86  3.133
 1.339 1.418 0.514 2.497 2.179 0.694 0.259 2.138 2.056 0.858 2.987 0.475
 1.358 2.964 1.319 2.006 1.249 0.861 3.091 1.286]
Run 6: Keys in po_problem_arg: dict_keys(['N', 'K', 'q', 'J', 'h', 'means', 'cov', 'q_orig', 'scale'])
Run 6: DEBUG - COBYLA optimizer options set to: {'maxiter': 2000, 'disp': False}
Using AerSimulator from qiskit_aer
Run 1: Starting optimization from initial point: [3.817 1.071 0.409 5.962 6.067 5.079 1.914 0.614 4.299 2.766 0.767 3.111
 0.216 5.713 1.626 4.163 1.959 3.268 3.435 1.161 6.092 4.87  5.903 5.622
 3.757 5.792 0.556 1.231 0.284 2.044 2.442 1.705 5.207 2.242 1.765 3.41
 0.885 5.04  0.468 6.201 4.852 1.249 0.035 5.124 4.441 4.58  4.846 0.465
 2.252 0.728 5.423 3.916 2.079 0.399 1.954 2.043 4.584 4.006 5.575 2.967
 0.751 4.481 4.78  3.527 4.844 3.103 3.284 2.686 0.16  0.678 0.197 3.999
 1.975 3.195 5.702 1.566 2.579 4.747 1.438 0.484 1.821 1.013 5.841 5.078
 3.98  5.476 5.05  1.172 5.608 3.389 5.073 5.63  1.998 0.691 1.432 2.684
 5.14  5.408 0.044 3.209 1.311 0.698 0.377 1.061 2.962 1.015 1.63  2.209
 1.142 3.053 3.024 0.791 1.562 0.945 0.895 0.116 1.915 1.579 0.162 0.875
 2.853 0.753 0.455 1.538 3.097 0.76  2.112 2.393 0.747 2.288 1.155 1.986
 1.99  1.683 0.284 2.624 1.008 0.586 0.128 1.856 2.129 0.052 1.609 0.712
 2.027 0.548 2.171 1.215 2.943 0.432 1.071 0.356 2.905 2.756 0.81  2.073
 2.567 1.744 1.664 0.76  0.292 2.819 2.829 1.989 1.065 1.097 2.281 2.818
 2.787 2.45  2.017 0.264 0.508 2.823 1.905 0.029 0.319 2.084 0.016 0.505
 1.724 2.174 2.048 0.705 2.237 0.745 1.022 2.345 2.041 2.668 2.066 1.785
 0.294 1.155 0.833 0.767 3.057 1.235 2.802 1.983]
Run 1: Keys in po_problem_arg: dict_keys(['N', 'K', 'q', 'J', 'h', 'means', 'cov', 'q_orig', 'scale'])
Run 1: DEBUG - COBYLA optimizer options set to: {'maxiter': 2000, 'disp': False}
Using AerSimulator from qiskit_aer
Run 4: Starting optimization from initial point: [4.482 5.625 3.215 3.343 0.673 2.811 3.347 1.523 1.692 2.371 0.126 2.024
 1.329 2.058 0.752 5.595 3.73  4.267 4.959 3.132 0.546 3.375 3.687 4.684
 2.712 0.802 1.783 2.281 4.058 3.586 2.237 6.198 3.806 1.491 0.64  0.96
 1.545 1.01  1.172 1.791 1.089 5.635 0.504 3.296 2.579 6.172 0.704 2.5
 6.091 5.438 5.134 1.62  1.074 4.201 5.839 3.498 3.592 1.759 4.835 1.175
 2.034 2.673 3.189 1.523 0.722 3.837 1.814 3.652 0.97  3.023 3.346 0.326
 2.115 0.845 0.398 6.22  2.025 5.089 1.6   4.282 4.777 3.743 2.963 2.588
 2.192 5.84  5.219 6.063 0.781 4.592 5.896 1.139 0.418 4.657 3.61  5.289
 0.878 4.997 1.267 1.028 0.516 2.559 2.09  1.643 1.127 2.756 1.233 2.565
 1.38  1.184 1.454 0.947 2.349 1.579 0.73  2.826 1.206 1.708 2.848 1.961
 0.367 2.953 1.972 1.052 0.438 2.495 1.948 1.676 2.808 2.477 0.477 0.979
 0.781 2.337 0.105 1.79  2.395 2.754 1.075 2.58  0.348 2.659 0.401 1.248
 2.505 0.471 0.72  2.269 2.262 2.014 2.18  1.705 0.791 1.086 0.571 2.854
 1.833 1.259 1.451 2.976 0.482 1.842 1.589 1.921 0.057 2.74  2.928 1.775
 2.189 2.898 2.222 0.479 1.81  1.906 1.332 2.314 2.935 2.908 1.416 0.356
 3.094 2.635 0.392 2.893 2.733 1.63  1.858 1.254 0.172 1.053 2.522 0.015
 1.048 1.251 1.688 2.89  1.088 1.09  2.317 1.421]
Run 4: Keys in po_problem_arg: dict_keys(['N', 'K', 'q', 'J', 'h', 'means', 'cov', 'q_orig', 'scale'])
Run 4: DEBUG - COBYLA optimizer options set to: {'maxiter': 2000, 'disp': False}
Using AerSimulator from qiskit_aer
Run 10: Starting optimization from initial point: [6.157 3.782 3.659 4.7   5.101 4.125 0.805 2.125 5.831 1.411 2.338 2.715
 2.761 3.851 5.926 1.512 0.763 1.241 5.573 4.058 1.796 5.127 5.412 5.319
 5.774 1.585 4.744 2.894 5.29  4.577 4.879 4.123 1.115 3.425 6.187 5.89
 0.271 1.036 0.828 4.561 5.138 1.342 3.178 5.282 4.604 3.407 3.709 3.194
 1.87  3.55  4.328 5.487 3.998 4.782 1.006 2.9   0.059 1.55  4.564 6.232
 0.623 2.523 5.027 1.282 3.488 4.606 3.87  1.181 2.233 4.925 3.482 0.033
 4.781 0.222 4.686 1.272 6.02  2.312 2.054 0.935 1.92  5.508 6.26  2.314
 2.819 4.537 5.568 3.726 2.46  2.593 4.371 0.02  3.893 2.234 4.99  0.584
 3.696 3.022 4.036 0.407 1.822 1.764 1.761 1.896 2.125 2.529 0.848 2.592
 1.565 0.242 0.184 1.05  2.466 2.223 2.478 1.625 1.383 0.463 1.031 1.364
 0.278 0.693 1.879 2.311 3.136 2.931 2.019 1.323 1.999 2.468 0.372 1.288
 2.638 1.206 1.797 1.847 0.58  1.138 1.051 0.082 0.076 2.613 0.858 1.628
 0.938 2.955 0.815 1.35  2.742 2.645 0.585 2.522 1.439 1.517 0.419 0.253
 2.287 1.56  1.372 2.292 2.405 0.499 1.917 0.425 2.361 2.064 3.005 0.217
 0.179 0.887 0.822 0.776 2.847 0.784 0.854 2.386 1.413 2.44  0.205 1.532
 0.106 0.197 2.848 0.437 1.673 1.291 1.091 2.827 0.069 2.085 3.027 1.76
 2.943 0.164 1.316 0.817 2.296 3.083 0.806 2.055]
Run 10: Keys in po_problem_arg: dict_keys(['N', 'K', 'q', 'J', 'h', 'means', 'cov', 'q_orig', 'scale'])
Run 10: DEBUG - COBYLA optimizer options set to: {'maxiter': 2000, 'disp': False}
Using AerSimulator from qiskit_aer
Run 3: Starting optimization from initial point: [0.898 4.785 3.884 0.635 0.528 4.404 0.457 5.164 4.437 0.511 0.533 6.199
 2.352 2.329 5.107 5.952 6.195 4.734 2.364 0.525 4.883 3.509 2.665 5.695
 0.699 3.095 0.071 2.945 0.354 0.747 0.738 4.079 4.688 3.665 6.046 2.355
 1.795 5.458 1.405 6.052 0.076 6.094 0.271 5.599 3.316 6.239 0.464 3.48
 6.09  3.287 3.955 4.372 2.856 3.943 3.671 5.662 0.286 1.765 5.972 5.594
 2.863 3.896 1.743 1.182 2.914 2.22  3.667 0.488 6.122 6.197 4.387 3.368
 1.945 5.113 4.302 1.022 5.724 5.168 5.968 4.56  3.854 2.628 5.861 5.442
 0.284 0.166 2.365 5.093 6.203 0.945 3.733 2.393 6.094 5.291 5.267 2.945
 2.606 1.718 0.354 5.433 2.554 3.141 3.131 1.745 2.416 2.968 2.669 0.777
 1.415 0.406 2.997 1.904 0.718 2.11  1.942 1.125 0.357 2.11  1.635 2.426
 1.634 2.677 1.734 1.762 2.754 1.268 0.421 0.09  2.372 1.949 2.212 0.669
 0.428 0.046 1.101 1.853 1.232 1.374 2.84  1.094 1.615 2.462 1.246 1.954
 2.709 2.983 0.462 2.911 1.546 0.811 1.442 3.079 1.548 1.033 1.99  0.754
 0.238 0.405 0.402 0.477 0.436 2.013 0.571 1.086 2.817 1.489 2.097 0.541
 0.604 0.128 0.531 0.875 0.556 0.279 0.379 1.448 0.648 1.144 1.582 2.169
 0.124 2.511 1.973 0.257 2.744 2.893 0.192 0.87  2.533 2.351 0.58  0.658
 1.164 1.522 1.942 1.159 1.453 2.348 0.115 0.793]
Run 3: Keys in po_problem_arg: dict_keys(['N', 'K', 'q', 'J', 'h', 'means', 'cov', 'q_orig', 'scale'])
Run 3: DEBUG - COBYLA optimizer options set to: {'maxiter': 2000, 'disp': False}
Using AerSimulator from qiskit_aer
Run 9: Starting optimization from initial point: [4.751 2.184 4.178 4.998 5.826 1.474 2.509 0.958 6.236 5.825 3.393 5.291
 3.273 3.918 0.56  4.746 0.802 5.19  4.914 4.453 0.227 1.905 1.653 2.263
 0.551 5.887 3.48  1.92  2.494 2.81  3.774 3.24  5.777 3.123 6.234 5.35
 1.31  5.847 0.731 5.136 2.392 5.516 5.454 5.064 4.964 1.914 0.508 2.532
 1.09  4.367 2.175 6.13  4.027 5.168 0.833 5.416 5.798 3.06  3.809 4.805
 1.099 3.158 2.505 0.92  2.309 0.428 0.162 0.849 6.051 3.453 6.068 2.717
 1.959 3.18  2.762 0.664 4.026 1.357 3.893 4.085 0.955 0.385 4.906 2.889
 0.365 6.251 0.363 4.367 6.181 1.503 0.894 0.763 1.906 0.635 4.349 0.391
 3.201 6.262 5.114 3.866 0.962 1.96  1.656 1.339 0.411 2.785 1.413 0.611
 1.155 1.301 2.6   2.305 2.417 0.035 1.307 1.512 0.06  0.816 2.389 0.431
 1.682 0.676 0.038 0.758 3.066 2.518 3.015 1.533 0.345 1.721 1.427 2.653
 0.308 1.534 0.471 1.02  2.316 1.495 1.181 1.239 1.443 2.466 2.803 3.001
 2.472 0.991 2.162 1.375 0.8   2.642 0.121 2.833 1.45  2.002 2.071 2.812
 2.    1.929 0.209 1.629 0.472 2.317 1.609 2.137 0.131 0.266 2.25  0.226
 0.224 0.038 3.005 2.317 1.11  0.932 1.099 2.434 2.078 0.582 0.547 0.309
 2.074 2.401 0.833 0.066 0.258 3.041 0.928 2.417 1.962 1.2   0.646 0.381
 1.932 2.434 2.023 1.666 0.132 3.043 2.509 0.92 ]
Run 9: Keys in po_problem_arg: dict_keys(['N', 'K', 'q', 'J', 'h', 'means', 'cov', 'q_orig', 'scale'])
Run 9: DEBUG - COBYLA optimizer options set to: {'maxiter': 2000, 'disp': False}

All parallel optimization runs completed in 298.21 seconds.

--- Summary of All Individual Runs ---
Run 9: Energy=-0.183103, Status=FAILED, Time=295.10s, NFEV=2000, Message='Maximum number of function evaluations has been exceeded.'
Run 7: Energy=-0.176920, Status=SUCCESS, Time=238.47s, NFEV=1614, Message='Optimization terminated successfully.'
Run 8: Energy=-0.175572, Status=FAILED, Time=289.98s, NFEV=2000, Message='Maximum number of function evaluations has been exceeded.'
Run 6: Energy=-0.174422, Status=FAILED, Time=291.62s, NFEV=2000, Message='Maximum number of function evaluations has been exceeded.'
Run 3: Energy=-0.174303, Status=SUCCESS, Time=251.03s, NFEV=1681, Message='Optimization terminated successfully.'
Run 5: Energy=-0.172984, Status=SUCCESS, Time=283.97s, NFEV=1872, Message='Optimization terminated successfully.'
Run 2: Energy=-0.169849, Status=SUCCESS, Time=270.10s, NFEV=1898, Message='Optimization terminated successfully.'
Run 10: Energy=-0.169377, Status=SUCCESS, Time=280.43s, NFEV=1888, Message='Optimization terminated successfully.'
Run 4: Energy=-0.167018, Status=SUCCESS, Time=280.29s, NFEV=1878, Message='Optimization terminated successfully.'
Run 1: Energy=-0.166313, Status=SUCCESS, Time=223.07s, NFEV=1469, Message='Optimization terminated successfully.'

Total successful optimization runs: 7/10

------------------------------------------------------------
### Best Overall Result Found from Multi-Start (Lowest Energy) ###
Best overall energy found: -0.183103
Best overall parameters: [5.617 2.185 4.147 6.004 5.829 1.474 2.51  0.954 6.217 5.825 3.415 5.189
 3.286 3.931 0.524 3.965 1.017 5.415 5.125 5.658 0.241 1.908 1.653 2.263
 0.543 5.885 3.493 1.922 2.496 2.807 3.781 3.244 5.782 3.123 6.238 5.358
 1.317 5.852 0.734 5.143 2.454 5.513 5.465 5.064 4.969 1.918 0.516 2.537
 1.095 4.41  2.183 6.129 4.033 5.169 0.834 5.422 5.79  3.063 3.816 4.817
 1.101 3.167 2.507 0.925 2.306 0.435 0.164 0.856 6.057 3.463 6.066 2.721
 1.97  3.176 2.768 0.673 4.018 1.364 3.898 4.091 0.964 0.377 4.904 2.9
 0.361 6.255 0.367 4.369 6.183 1.503 0.884 0.765 1.898 0.636 4.35  0.394
 3.202 6.256 5.123 3.864 0.967 1.973 1.666 2.357 0.417 2.795 1.407 0.632
 1.163 1.319 3.13  2.297 2.41  0.024 1.307 1.499 0.051 0.808 2.383 0.424
 2.69  0.67  0.269 0.766 3.128 2.524 2.993 1.532 0.332 1.719 1.436 2.666
 0.31  1.545 0.47  0.975 2.318 1.479 1.252 1.236 1.446 2.46  2.805 3.135
 2.372 0.992 2.156 1.372 0.793 2.633 0.113 2.772 1.4   1.986 2.168 2.81
 1.993 1.925 0.346 1.619 0.495 2.308 1.63  2.14  0.124 0.253 2.24  0.156
 0.297 0.038 2.954 2.306 1.316 0.942 1.058 2.432 2.076 0.573 0.463 0.315
 2.073 2.388 0.834 0.064 0.258 3.03  0.957 2.426 1.962 1.174 0.643 0.363
 1.909 2.403 1.984 1.671 0.139 3.048 2.539 0.924]
This result came from Run ID: 9

Classical Optimal Energy (E_min): -0.326987
Classical Worst Energy (E_max): -0.160714
Approximation Ratio (AR): 0.8653 (Closer to 0 is better)