--------------------------------------------------
Starting 10 parallel QAOA optimization runs with p=60...
Using AerSimulator from qiskit_aer
Run 6: Starting optimization from initial point: [4.777 3.743 2.963 2.588 2.192 5.84  5.219 6.063 0.781 4.592 5.896 1.139
 0.418 4.657 3.61  5.289 0.878 4.997 1.267 1.028 1.032 5.118 4.18  3.287
 2.255 5.512 2.466 5.131 2.759 2.368 2.907 1.894 4.697 3.159 1.459 5.652
 2.412 3.415 5.696 3.922 0.734 5.905 3.944 2.104 0.875 4.989 3.896 3.352
 5.616 4.955 0.953 1.959 1.561 4.674 0.211 3.581 4.791 5.509 2.149 5.16
 0.348 2.659 0.401 1.248 2.505 0.471 0.72  2.269 2.262 2.014 2.18  1.705
 0.791 1.086 0.571 2.854 1.833 1.259 1.451 2.976 0.482 1.842 1.589 1.921
 0.057 2.74  2.928 1.775 2.189 2.898 2.222 0.479 1.81  1.906 1.332 2.314
 2.935 2.908 1.416 0.356 3.094 2.635 0.392 2.893 2.733 1.63  1.858 1.254
 0.172 1.053 2.522 0.015 1.048 1.251 1.688 2.89  1.088 1.09  2.317 1.421]
Run 6: Keys in po_problem_arg: dict_keys(['N', 'K', 'q', 'J', 'h', 'means', 'cov', 'q_orig', 'scale'])
Run 6: DEBUG - COBYLA optimizer options set to: {'maxiter': 1000, 'disp': False}
Using AerSimulator from qiskit_aer
Run 10: Starting optimization from initial point: [0.423 3.658 2.173 3.901 0.287 5.476 6.117 6.088 4.71  0.817 4.764 0.154
 0.139 2.033 3.07  4.841 4.293 2.802 1.719 6.265 2.678 2.836 1.028 4.994
 4.359 1.387 0.518 4.276 4.112 1.717 5.974 0.949 2.716 5.929 2.637 4.012
 2.498 1.723 6.183 2.572 5.618 1.445 1.339 0.196 4.095 2.316 5.431 2.973
 6.083 1.166 5.458 4.88  4.844 5.308 4.782 3.935 0.825 0.204 5.786 3.875
 2.502 1.513 0.369 0.393 2.154 1.352 0.63  1.544 0.202 1.828 0.845 2.506
 0.975 1.43  0.037 0.228 1.233 1.508 1.885 0.916 2.183 2.702 2.45  0.124
 1.51  0.33  0.76  3.1   0.448 1.567 1.942 2.207 1.758 0.031 1.026 1.626
 0.276 1.102 0.104 0.247 1.247 0.417 1.783 2.166 2.515 0.629 0.526 0.329
 1.999 2.219 0.099 2.941 0.163 1.701 2.228 2.736 2.243 2.519 1.066 2.56 ]
Run 10: Keys in po_problem_arg: dict_keys(['N', 'K', 'q', 'J', 'h', 'means', 'cov', 'q_orig', 'scale'])
Run 10: DEBUG - COBYLA optimizer options set to: {'maxiter': 1000, 'disp': False}
Using AerSimulator from qiskit_aer
Run 2: Starting optimization from initial point: [4.994 3.158 3.625 3.095 1.227 4.539 1.764 0.153 4.056 1.113 5.909 5.994
 5.748 2.326 0.097 5.833 2.69  6.074 6.055 5.36  1.85  2.42  5.348 1.991
 1.065 3.498 5.882 4.373 3.582 0.611 3.864 6.221 0.88  3.257 5.513 4.654
 4.379 4.414 2.259 1.845 5.085 5.09  5.448 5.738 3.213 3.151 5.016 4.084
 4.411 5.    5.592 2.124 2.36  0.591 3.633 0.226 2.925 3.41  1.8   3.712
 0.096 0.117 2.584 1.132 0.399 1.641 2.419 0.678 1.957 0.268 0.162 1.669
 1.698 2.003 2.281 3.066 1.622 1.015 2.498 0.851 1.379 0.246 0.08  3.024
 2.626 2.186 1.285 0.544 0.491 0.786 1.725 2.245 2.074 0.879 3.    2.318
 1.742 1.922 1.318 0.778 1.118 2.381 0.045 0.365 0.145 0.128 2.688 2.211
 1.49  0.307 1.544 1.487 0.544 1.363 1.252 1.935 1.995 0.142 1.177 1.966]
Run 2: Keys in po_problem_arg: dict_keys(['N', 'K', 'q', 'J', 'h', 'means', 'cov', 'q_orig', 'scale'])
Run 2: DEBUG - COBYLA optimizer options set to: {'maxiter': 1000, 'disp': False}
Using AerSimulator from qiskit_aer
Run 3: Starting optimization from initial point: [3.161 5.381 4.139 1.024 0.443 4.036 0.167 3.681 5.908 3.616 2.439 4.042
 2.879 3.428 5.915 2.426 6.039 5.688 1.23  0.436 0.633 0.114 0.593 4.291
 0.447 2.004 5.309 0.146 5.117 1.771 0.742 4.378 3.952 5.513 4.619 5.048
 1.772 1.115 4.716 5.069 6.224 2.593 2.337 4.878 2.141 5.848 5.394 2.695
 4.718 4.741 0.648 5.671 3.175 5.193 2.011 5.627 2.445 0.068 5.689 0.574
 1.003 2.985 2.986 1.802 1.985 1.409 0.921 1.033 2.113 2.364 2.487 2.481
 0.287 1.553 0.181 1.726 1.387 2.789 1.102 0.368 0.449 2.392 1.942 0.318
 0.264 2.202 0.229 2.582 2.219 0.256 0.267 3.1   1.176 1.164 2.553 2.976
 3.098 2.367 1.182 0.262 2.441 1.754 1.333 2.847 0.349 1.548 0.036 1.472
 0.177 0.373 0.369 2.04  2.344 1.833 3.023 1.178 0.898 2.729 0.702 3.026]
Run 3: Keys in po_problem_arg: dict_keys(['N', 'K', 'q', 'J', 'h', 'means', 'cov', 'q_orig', 'scale'])
Run 3: DEBUG - COBYLA optimizer options set to: {'maxiter': 1000, 'disp': False}
Using AerSimulator from qiskit_aer
Run 8: Starting optimization from initial point: [3.773 4.179 1.102 5.745 2.631 2.407 3.26  0.295 1.045 4.637 0.52  3.79
 1.542 2.446 1.814 2.235 4.518 1.867 3.559 2.991 4.17  5.886 4.603 1.351
 0.196 1.648 3.739 0.323 3.119 3.75  2.1   4.844 0.67  0.472 4.575 3.113
 4.325 2.732 1.548 5.147 5.023 4.365 1.71  3.709 2.268 0.575 5.764 0.86
 5.971 2.802 1.163 3.405 5.485 4.601 5.068 4.139 4.35  5.336 1.569 3.075
 0.695 3.103 2.966 0.124 2.217 2.907 0.567 1.784 2.876 0.107 2.191 0.934
 2.904 3.051 2.967 1.49  2.708 2.653 1.002 2.604 0.116 1.873 0.723 0.379
 0.242 2.187 1.068 2.277 0.205 0.991 1.695 2.484 1.001 1.966 2.783 1.935
 0.732 0.077 2.733 0.067 2.748 1.662 2.95  2.509 3.135 1.102 2.41  1.263
 1.508 1.971 2.745 3.092 2.414 1.312 1.324 2.317 0.75  0.347 1.114 0.902]
Run 8: Keys in po_problem_arg: dict_keys(['N', 'K', 'q', 'J', 'h', 'means', 'cov', 'q_orig', 'scale'])
Run 8: DEBUG - COBYLA optimizer options set to: {'maxiter': 1000, 'disp': False}
Using AerSimulator from qiskit_aer
Run 4: Starting optimization from initial point: [0.076 6.094 0.271 5.599 3.316 6.239 0.464 3.48  6.09  3.287 3.955 4.372
 2.856 3.943 3.671 5.662 0.286 1.765 5.972 5.594 2.863 3.896 1.743 1.182
 2.914 2.22  3.667 0.488 6.122 6.197 4.387 3.368 1.945 5.113 4.302 1.022
 5.724 5.168 5.968 4.56  3.854 2.628 5.861 5.442 0.284 0.166 2.365 5.093
 6.203 0.945 3.733 2.393 6.094 5.291 5.267 2.945 2.606 1.718 0.354 5.433
 2.554 3.141 3.131 1.745 2.416 2.968 2.669 0.777 1.415 0.406 2.997 1.904
 0.718 2.11  1.942 1.125 0.357 2.11  1.635 2.426 1.634 2.677 1.734 1.762
 2.754 1.268 0.421 0.09  2.372 1.949 2.212 0.669 0.428 0.046 1.101 1.853
 1.232 1.374 2.84  1.094 1.615 2.462 1.246 1.954 2.709 2.983 0.462 2.911
 1.546 0.811 1.442 3.079 1.548 1.033 1.99  0.754 0.238 0.405 0.402 0.477]
Run 4: Keys in po_problem_arg: dict_keys(['N', 'K', 'q', 'J', 'h', 'means', 'cov', 'q_orig', 'scale'])
Run 4: DEBUG - COBYLA optimizer options set to: {'maxiter': 1000, 'disp': False}
Using AerSimulator from qiskit_aer
Run 9: Starting optimization from initial point: [1.862 1.468 0.264 0.112 6.206 2.688 2.415 4.27  1.371 5.969 4.941 0.562
 2.624 5.524 5.936 2.937 3.854 1.05  6.228 1.456 5.923 4.082 3.819 3.221
 1.449 1.109 1.385 1.171 4.898 2.2   0.363 6.089 5.553 5.829 6.251 1.093
 2.49  4.764 4.373 0.967 5.126 1.41  1.406 3.374 3.726 3.645 0.575 5.513
 1.669 0.814 5.584 6.005 5.417 5.086 4.117 3.461 0.547 2.566 2.342 1.632
 2.273 1.558 0.255 0.692 2.147 0.239 2.674 1.556 1.51  1.861 2.591 1.093
 2.13  1.777 0.839 2.76  2.505 2.069 2.672 2.725 2.225 2.63  2.191 2.137
 1.943 2.365 0.498 2.767 2.739 0.092 2.594 0.405 1.053 2.336 0.505 2.57
 2.614 1.594 0.02  0.902 1.938 3.082 1.985 0.816 1.992 1.696 2.45  0.336
 2.391 1.7   3.025 1.074 1.987 2.928 0.322 2.944 2.161 0.213 0.946 2.225]
Run 9: Keys in po_problem_arg: dict_keys(['N', 'K', 'q', 'J', 'h', 'means', 'cov', 'q_orig', 'scale'])
Run 9: DEBUG - COBYLA optimizer options set to: {'maxiter': 1000, 'disp': False}
Using AerSimulator from qiskit_aer
Run 7: Starting optimization from initial point: [1.411 2.843 0.885 1.108 3.131 2.632 5.748 2.277 3.648 3.973 0.082 4.169
 1.119 6.039 0.934 2.605 0.536 6.264 3.155 3.741 0.421 4.712 1.319 5.643
 1.289 1.198 0.23  2.966 3.549 0.413 4.873 2.848 3.295 2.769 2.518 3.516
 0.975 1.143 5.415 5.945 2.346 1.701 4.046 2.568 0.16  0.981 4.499 4.14
 0.17  1.395 1.452 4.222 0.124 0.654 5.026 1.122 4.101 1.497 0.625 1.528
 2.269 2.688 2.608 1.248 2.099 0.644 0.921 2.816 0.041 0.269 0.653 0.083
 0.57  1.832 1.324 2.804 2.568 1.074 0.815 1.193 1.854 0.842 1.961 1.286
 1.734 1.37  0.925 2.98  2.399 0.44  2.728 1.531 2.81  2.513 1.336 0.071
 0.844 1.702 1.99  0.81  0.438 2.623 3.093 1.652 0.539 0.855 0.058 2.872
 0.37  1.811 0.861 1.741 2.046 2.607 0.648 0.035 0.43  2.827 2.745 1.877]
Run 7: Keys in po_problem_arg: dict_keys(['N', 'K', 'q', 'J', 'h', 'means', 'cov', 'q_orig', 'scale'])
Run 7: DEBUG - COBYLA optimizer options set to: {'maxiter': 1000, 'disp': False}
Using AerSimulator from qiskit_aer
Run 1: Starting optimization from initial point: [1.821 1.013 5.841 5.078 3.98  5.476 5.05  1.172 5.608 3.389 5.073 5.63
 1.998 0.691 1.432 2.684 5.14  5.408 0.044 3.209 2.623 1.396 0.753 2.121
 5.924 2.031 3.26  4.417 2.285 6.106 6.047 1.582 3.124 1.89  1.79  0.232
 3.83  3.158 0.323 1.751 5.707 1.505 0.91  3.075 6.193 1.521 4.223 4.785
 1.493 4.576 2.311 3.973 3.981 3.366 0.567 5.248 2.016 1.172 0.256 3.713
 2.129 0.052 1.609 0.712 2.027 0.548 2.171 1.215 2.943 0.432 1.071 0.356
 2.905 2.756 0.81  2.073 2.567 1.744 1.664 0.76  0.292 2.819 2.829 1.989
 1.065 1.097 2.281 2.818 2.787 2.45  2.017 0.264 0.508 2.823 1.905 0.029
 0.319 2.084 0.016 0.505 1.724 2.174 2.048 0.705 2.237 0.745 1.022 2.345
 2.041 2.668 2.066 1.785 0.294 1.155 0.833 0.767 3.057 1.235 2.802 1.983]
Run 1: Keys in po_problem_arg: dict_keys(['N', 'K', 'q', 'J', 'h', 'means', 'cov', 'q_orig', 'scale'])
Run 1: DEBUG - COBYLA optimizer options set to: {'maxiter': 1000, 'disp': False}
Using AerSimulator from qiskit_aer
Run 5: Starting optimization from initial point: [0.872 4.027 1.143 2.172 5.635 2.978 4.194 1.083 1.208 0.257 1.061 1.75
 1.112 0.557 0.758 2.895 1.296 2.289 3.163 4.338 0.247 5.023 3.945 0.514
 5.489 5.786 0.384 1.74  5.066 4.701 1.159 1.315 2.328 3.044 3.885 2.318
 2.906 4.696 0.23  1.586 4.482 5.625 3.215 3.343 0.673 2.811 3.347 1.523
 1.692 2.371 0.126 2.024 1.329 2.058 0.752 5.595 3.73  4.267 4.959 3.132
 0.273 1.687 1.844 2.342 1.356 0.401 0.892 1.141 2.029 1.793 1.119 3.099
 1.903 0.745 0.32  0.48  0.773 0.505 0.586 0.896 0.545 2.817 0.252 1.648
 1.289 3.086 0.352 1.25  3.046 2.719 2.567 0.81  0.537 2.101 2.92  1.749
 1.796 0.88  2.417 0.588 1.017 1.337 1.595 0.762 0.361 1.918 0.907 1.826
 0.485 1.512 1.673 0.163 1.057 0.422 0.199 3.11  1.013 2.544 0.8   2.141]
Run 5: Keys in po_problem_arg: dict_keys(['N', 'K', 'q', 'J', 'h', 'means', 'cov', 'q_orig', 'scale'])
Run 5: DEBUG - COBYLA optimizer options set to: {'maxiter': 1000, 'disp': False}

All parallel optimization runs completed in 332.08 seconds.

--- Summary of All Individual Runs ---
Run 7: Energy=-3.390345, Status=FAILED, Time=328.94s, NFEV=1000, Message='Maximum number of function evaluations has been exceeded.'
Run 8: Energy=-3.363553, Status=FAILED, Time=328.69s, NFEV=1000, Message='Maximum number of function evaluations has been exceeded.'
Run 2: Energy=-3.263673, Status=FAILED, Time=327.68s, NFEV=1000, Message='Maximum number of function evaluations has been exceeded.'
Run 4: Energy=-2.810221, Status=SUCCESS, Time=321.13s, NFEV=960, Message='Optimization terminated successfully.'
Run 9: Energy=-2.803260, Status=SUCCESS, Time=313.71s, NFEV=935, Message='Optimization terminated successfully.'
Run 3: Energy=-2.742578, Status=SUCCESS, Time=319.93s, NFEV=953, Message='Optimization terminated successfully.'
Run 6: Energy=-2.669573, Status=SUCCESS, Time=311.70s, NFEV=931, Message='Optimization terminated successfully.'
Run 5: Energy=-2.566287, Status=SUCCESS, Time=306.37s, NFEV=903, Message='Optimization terminated successfully.'
Run 1: Energy=-2.531255, Status=SUCCESS, Time=328.39s, NFEV=993, Message='Optimization terminated successfully.'
Run 10: Energy=-2.492171, Status=SUCCESS, Time=319.95s, NFEV=961, Message='Optimization terminated successfully.'

Total successful optimization runs: 7/10

------------------------------------------------------------
### Best Overall Result Found from Multi-Start (Lowest Energy) ###
Best overall energy found: -3.390345
Best overall parameters: [2.417 2.846 0.886 1.112 3.134 2.628 5.748 2.273 3.657 3.967 0.076 4.174
 1.118 6.038 0.944 2.61  0.534 6.264 3.161 3.735 0.417 4.703 1.322 5.637
 1.288 1.196 0.228 2.959 3.541 0.418 4.865 2.84  4.287 2.771 3.511 3.51
 1.973 1.15  5.411 5.947 2.344 1.904 3.898 2.56  0.149 0.975 4.492 4.138
 0.161 1.387 2.445 4.22  0.13  0.655 5.024 1.119 5.091 1.496 0.619 1.523
 2.275 2.69  2.608 1.248 2.102 0.644 0.92  2.843 0.034 0.272 0.654 0.088
 0.57  1.822 1.327 2.796 2.569 1.072 0.817 1.203 1.859 0.846 1.956 1.295
 1.735 1.36  0.927 2.972 2.394 0.447 2.726 1.537 2.821 2.512 1.349 0.
 0.925 1.692 1.991 0.801 0.436 2.617 3.09  1.653 0.538 0.864 0.062 2.859
 0.375 1.814 0.863 1.739 2.054 2.595 0.649 1.03  0.44  2.826 2.752 1.872]
This result came from Run ID: 7

Classical Optimal Energy (E_min): -0.631253
Classical Worst Energy (E_max): -0.240492
Approximation Ratio (AR): -7.0608 (Closer to 0 is better)